21.807437 17.447462 0.362253
11.215430 3.483555 6.156046
22.757284 18.301088
25.340597 15.426580
11.227963 2.743592
8.644649 5.618100
8.544712 28.864831 1.212905
17.849229 5.573348 2.146613
18.453875 4.079560
22.126262 5.547782
11.974297 30.940359
8.301910 29.472137
27.986937 8.196501 2.495108
11.720026 4.558412 2.354451
27.780864 8.947852
28.044899 7.985169
11.996327 3.583527
11.732292 4.546210
3.933441 2.745395 0.068984
13.051222 18.438809 3.601901
13.513868 19.208751
16.674201 17.369677
7.093774 0.906320
3.933441 2.745395
23.691896 13.440591 0.385797
7.061003 17.080745 3.118275
24.539956 13.254749
25.321038 16.819091
7.863473 20.644703
7.082391 17.080361
19.269457 25.111693 5.317918
6.637972 29.132257 3.179288
20.023092 24.863970
18.900503 21.448778
5.554382 25.835710
6.676971 29.250902
8.366268 7.107912 3.897209
22.398517 28.720358 3.771558
26.400805 27.260946
23.425511 29.923475
4.170764 8.406894
7.146058 5.744364
5.178135 7.657866 5.724403
2.710402 25.757116 4.395929
5.240681 7.199128
9.005017 7.712374
6.322551 27.386554
2.558216 26.873307
21.755471 17.281604 2.537423
6.896582 24.318843 6.210547
21.766846 17.305723
20.117734 13.809030
4.089415 21.368313
5.738527 24.865006
2.699964 15.342268 4.559632
9.628231 1.818191 3.496943
9.638329 1.799731
11.646826 2.898381
4.347154 16.243282
2.338657 15.144633
15.880797 25.762771 1.997004
24.899473 23.670868 2.841303
26.986091 23.180367
27.892068 27.076406
16.384001 29.752470
15.478024 25.856431
22.566839 3.292271 3.296394
3.295851 8.096510 6.111347
22.566839 3.292271
21.601431 -0.581939
0.529625 4.668909
1.495033 8.543119
21.312261 8.743714 5.728050
9.355798 25.510720 4.016690
22.022681 7.744774
25.155326 9.972632
12.471783 27.807277
9.339137 25.579419
7.661109 25.147668 5.957143
2.659975 17.541559 0.383456
9.817713 22.833930
7.477529 25.998943
-0.885480 19.815405
1.454704 16.650391
17.539239 24.831965 2.780498
8.553243 5.729593 2.471877
15.622031 25.517164
18.109725 24.628476
11.005368 4.741340
8.517674 5.630028
24.797219 6.228091 0.840759
20.306133 9.543142 4.218926
24.804118 6.222983
26.159982 8.054153
21.650319 11.393269
20.294455 9.562099
17.129732 4.429673 5.705776
5.093012 14.282392 3.469418
18.509685 3.300106
21.035872 6.386259
7.619198 17.368545
5.093012 14.282392
0.988197 24.151897 2.404237
1.615888 13.541246 4.961478
1.615888 13.541246
-1.807869 13.338707
-2.471081 24.549801
0.952677 24.752339
10.928606 21.349701 2.065218
15.970498 26.144296 4.084812
17.156124 27.271768
14.422682 30.146196
8.195165 24.224129
10.928606 21.349701
29.245084 17.610575 1.942361
2.279021 12.416595 1.657718
28.800019 19.320316
29.387967 17.061684
2.839813 10.150894
2.251865 12.409526
